R =  1000
C =  0.00010000
vOnexp =

 Columns 1 through 8:

   12.506   12.505   12.504   12.503   12.501   12.500   12.499   12.498

 Columns 9 through 16:

   12.496   12.495   12.494   12.493   12.491   12.490   12.489   12.488

 Columns 17 through 24:

   12.486   12.485   12.484   12.483   12.481   12.480   12.479   12.478

 Columns 25 through 32:

   12.476   12.475   12.474   12.473   12.471   12.470   12.469   12.468

 Columns 33 through 40:

   12.466   12.465   12.464   12.463   12.461   12.460   12.459   12.458

 Columns 41 through 48:

   12.456   12.455   12.454   12.453   12.451   12.450   12.449   12.448

 Columns 49 through 56:

   12.446   12.445   12.444   12.443   12.441   12.440   12.439   12.438

 Columns 57 through 64:

   12.436   12.435   12.434   12.433   12.431   12.430   12.429   12.428

 Columns 65 through 72:

   12.426   12.425   12.424   12.423   12.421   12.420   12.419   12.418

 Columns 73 through 80:

   12.417   12.415   12.414   12.413   12.412   12.410   12.409   12.408

 Columns 81 through 88:

   12.407   12.405   12.404   12.403   12.402   12.400   12.399   12.398

 Columns 89 through 96:

   12.397   12.395   12.394   12.393   12.392   12.390   12.389   12.388

 Columns 97 through 104:

   12.387   12.385   12.384   12.383   12.382   12.381   12.379   12.378

 Columns 105 through 112:

   12.377   12.376   12.374   12.373   12.372   12.371   12.369   12.368

 Columns 113 through 120:

   12.367   12.366   12.364   12.363   12.362   12.361   12.359   12.358

 Columns 121 through 128:

   12.357   12.356   12.355   12.353   12.352   12.351   12.350   12.348

 Columns 129 through 136:

   12.347   12.346   12.345   12.343   12.342   12.341   12.340   12.338

 Columns 137 through 144:

   12.337   12.336   12.335   12.334   12.332   12.331   12.330   12.329

 Columns 145 through 152:

   12.327   12.326   12.325   12.324   12.322   12.321   12.320   12.319

 Columns 153 through 160:

   12.317   12.316   12.315   12.314   12.313   12.311   12.310   12.309

 Columns 161 through 168:

   12.308   12.306   12.305   12.304   12.303   12.301   12.300   12.299

 Columns 169 through 176:

   12.298   12.297   12.295   12.294   12.293   12.292   12.290   12.289

 Columns 177 through 184:

   12.288   12.287   12.285   12.284   12.283   12.282   12.281   12.279

 Columns 185 through 192:

   12.278   12.277   12.276   12.274   12.273   12.272   12.271   12.269

 Columns 193 through 200:

   12.268   12.267   12.266   12.265   12.263   12.262   12.261   12.260

 Columns 201 through 208:

   12.258   12.257   12.256   12.255   12.254   12.252   12.251   12.250

 Columns 209 through 216:

   12.249   12.247   12.246   12.245   12.244   12.243   12.241   12.240

 Columns 217 through 224:

   12.239   12.238   12.236   12.235   12.234   12.233   12.231   12.230

 Columns 225 through 232:

   12.229   12.228   12.227   12.225   12.224   12.223   12.222   12.220

 Columns 233 through 240:

   12.219   12.218   12.217   12.216   12.214   12.213   12.212   12.211

 Columns 241 through 248:

   12.209   12.208   12.207   12.206   12.205   12.203   12.202   12.201

 Columns 249 through 256:

   12.200   12.198   12.197   12.196   12.195   12.194   12.192   12.191

 Columns 257 through 264:

   12.190   12.189   12.187   12.186   12.185   12.184   12.183   12.181

 Columns 265 through 272:

   12.180   12.179   12.178   12.177   12.175   12.174   12.173   12.172

 Columns 273 through 280:

   12.170   12.169   12.168   12.167   12.166   12.164   12.163   12.162

 Columns 281 through 288:

   12.161   12.159   12.158   12.157   12.156   12.155   12.153   12.152

 Columns 289 through 296:

   12.151   12.150   12.149   12.147   12.146   12.145   12.144   12.142

 Columns 297 through 304:

   12.141   12.140   12.139   12.138   12.136   12.135   12.134   12.133

 Columns 305 through 312:

   12.131   12.130   12.129   12.128   12.127   12.125   12.124   12.123

 Columns 313 through 320:

   12.122   12.121   12.119   12.118   12.117   12.116   12.115   12.113

 Columns 321 through 328:

   12.112   12.111   12.110   12.108   12.107   12.106   12.105   12.104

 Columns 329 through 336:

   12.102   12.101   12.100   12.099   12.098   12.096   12.095   12.094

 Columns 337 through 344:

   12.093   12.091   12.090   12.089   12.088   12.087   12.085   12.084

 Columns 345 through 352:

   12.083   12.082   12.081   12.079   12.078   12.077   12.076   12.075

 Columns 353 through 360:

   12.073   12.072   12.071   12.070   12.069   12.067   12.066   12.065

 Columns 361 through 368:

   12.064   12.062   12.061   12.060   12.059   12.058   12.056   12.055

 Columns 369 through 376:

   12.054   12.053   12.052   12.050   12.049   12.048   12.047   12.046

 Columns 377 through 384:

   12.044   12.043   12.042   12.041   12.040   12.038   12.037   12.036

 Columns 385 through 392:

   12.035   12.034   12.032   12.031   12.030   12.029   12.028   12.026

 Columns 393 through 400:

   12.025   12.024   12.023   12.021   12.020   12.019   12.018   12.017

 Columns 401 through 408:

   12.015   12.014   12.013   12.012   12.011   12.009   12.008   12.007

 Columns 409 through 416:

   12.006   12.005   12.003   12.002   12.001   12.000   11.999   11.997

 Columns 417 through 424:

   11.996   11.995   11.994   11.993   11.991   11.990   11.989   11.988

 Columns 425 through 432:

   11.987   11.985   11.984   11.983   11.982   11.981   11.979   11.978

 Columns 433 through 440:

   11.977   11.976   11.975   11.973   11.972   11.971   11.970   11.969

 Columns 441 through 448:

   11.967   11.966   11.965   11.964   11.963   11.961   11.960   11.959

 Columns 449 through 456:

   11.958   11.957   11.955   11.954   11.953   11.952   11.951   11.950

 Columns 457 through 464:

   11.948   11.947   11.946   11.945   11.944   11.942   11.941   11.940

 Columns 465 through 472:

   11.939   11.938   11.936   11.935   11.934   11.933   11.932   11.930

 Columns 473 through 480:

   11.929   11.928   11.927   11.926   11.924   11.923   11.922   11.921

 Columns 481 through 488:

   11.920   11.918   11.917   11.916   11.915   11.914   11.912   11.911

 Columns 489 through 496:

   11.910   11.909   11.908   11.907   11.905   11.904   11.903   11.902

 Columns 497 through 504:

   11.901   11.899   11.898   11.897   11.896   11.895   11.893   11.892

 Columns 505 through 512:

   11.891   11.890   11.889   11.887   11.886   11.885   11.884   11.883

 Columns 513 through 520:

   11.882   11.880   11.879   11.878   11.877   11.876   11.874   11.873

 Columns 521 through 528:

   11.872   11.871   11.870   11.868   11.867   11.866   11.865   11.864

 Columns 529 through 536:

   11.863   11.861   11.860   11.859   11.858   11.857   11.855   11.854

 Columns 537 through 544:

   11.853   11.852   11.851   11.849   11.848   11.847   11.846   11.845

 Columns 545 through 552:

   11.844   11.842   11.841   11.840   11.839   11.838   11.836   11.835

 Columns 553 through 560:

   11.834   11.833   11.832   11.830   11.829   11.828   11.827   11.826

 Columns 561 through 568:

   11.825   11.823   11.822   11.821   11.820   11.819   11.817   11.816

 Columns 569 through 576:

   11.815   11.814   11.813   11.812   11.810   11.809   11.808   11.807

 Columns 577 through 584:

   11.806   11.804   11.803   11.802   11.801   11.800   11.799   11.797

 Columns 585 through 592:

   11.796   11.795   11.794   11.793   11.791   11.790   11.789   11.788

 Columns 593 through 600:

   11.787   11.786   11.784   11.783   11.782   11.781   11.780   11.778

 Columns 601 through 608:

   11.777   11.776   11.775   11.774   11.773   11.771   11.770   11.769

 Columns 609 through 616:

   11.768   11.767   11.766   11.764   11.763   11.762   11.761   11.760

 Columns 617 through 624:

   11.758   11.757   11.756   11.755   11.754   11.753   11.751   11.750

 Columns 625 through 632:

   11.749   11.748   11.747   11.746   11.744   11.743   11.742   11.741

