R =  1000
C =  0.00010000
vOnexp =

 Columns 1 through 8:

   14.007   14.006   14.004   14.003   14.001   14.000   13.999   13.997

 Columns 9 through 16:

   13.996   13.994   13.993   13.992   13.990   13.989   13.987   13.986

 Columns 17 through 24:

   13.985   13.983   13.982   13.980   13.979   13.978   13.976   13.975

 Columns 25 through 32:

   13.973   13.972   13.971   13.969   13.968   13.966   13.965   13.964

 Columns 33 through 40:

   13.962   13.961   13.960   13.958   13.957   13.955   13.954   13.953

 Columns 41 through 48:

   13.951   13.950   13.948   13.947   13.946   13.944   13.943   13.941

 Columns 49 through 56:

   13.940   13.939   13.937   13.936   13.934   13.933   13.932   13.930

 Columns 57 through 64:

   13.929   13.927   13.926   13.925   13.923   13.922   13.920   13.919

 Columns 65 through 72:

   13.918   13.916   13.915   13.913   13.912   13.911   13.909   13.908

 Columns 73 through 80:

   13.907   13.905   13.904   13.902   13.901   13.900   13.898   13.897

 Columns 81 through 88:

   13.895   13.894   13.893   13.891   13.890   13.888   13.887   13.886

 Columns 89 through 96:

   13.884   13.883   13.881   13.880   13.879   13.877   13.876   13.875

 Columns 97 through 104:

   13.873   13.872   13.870   13.869   13.868   13.866   13.865   13.863

 Columns 105 through 112:

   13.862   13.861   13.859   13.858   13.856   13.855   13.854   13.852

 Columns 113 through 120:

   13.851   13.850   13.848   13.847   13.845   13.844   13.843   13.841

 Columns 121 through 128:

   13.840   13.838   13.837   13.836   13.834   13.833   13.832   13.830

 Columns 129 through 136:

   13.829   13.827   13.826   13.825   13.823   13.822   13.820   13.819

 Columns 137 through 144:

   13.818   13.816   13.815   13.814   13.812   13.811   13.809   13.808

 Columns 145 through 152:

   13.807   13.805   13.804   13.802   13.801   13.800   13.798   13.797

 Columns 153 through 160:

   13.796   13.794   13.793   13.791   13.790   13.789   13.787   13.786

 Columns 161 through 168:

   13.785   13.783   13.782   13.780   13.779   13.778   13.776   13.775

 Columns 169 through 176:

   13.774   13.772   13.771   13.769   13.768   13.767   13.765   13.764

 Columns 177 through 184:

   13.762   13.761   13.760   13.758   13.757   13.756   13.754   13.753

 Columns 185 through 192:

   13.751   13.750   13.749   13.747   13.746   13.745   13.743   13.742

 Columns 193 through 200:

   13.740   13.739   13.738   13.736   13.735   13.734   13.732   13.731

 Columns 201 through 208:

   13.729   13.728   13.727   13.725   13.724   13.723   13.721   13.720

 Columns 209 through 216:

   13.718   13.717   13.716   13.714   13.713   13.712   13.710   13.709

 Columns 217 through 224:

   13.707   13.706   13.705   13.703   13.702   13.701   13.699   13.698

 Columns 225 through 232:

   13.697   13.695   13.694   13.692   13.691   13.690   13.688   13.687

 Columns 233 through 240:

   13.686   13.684   13.683   13.681   13.680   13.679   13.677   13.676

 Columns 241 through 248:

   13.675   13.673   13.672   13.670   13.669   13.668   13.666   13.665

 Columns 249 through 256:

   13.664   13.662   13.661   13.660   13.658   13.657   13.655   13.654

 Columns 257 through 264:

   13.653   13.651   13.650   13.649   13.647   13.646   13.645   13.643

 Columns 265 through 272:

   13.642   13.640   13.639   13.638   13.636   13.635   13.634   13.632

 Columns 273 through 280:

   13.631   13.629   13.628   13.627   13.625   13.624   13.623   13.621

 Columns 281 through 288:

   13.620   13.619   13.617   13.616   13.615   13.613   13.612   13.610

 Columns 289 through 296:

   13.609   13.608   13.606   13.605   13.604   13.602   13.601   13.600

 Columns 297 through 304:

   13.598   13.597   13.595   13.594   13.593   13.591   13.590   13.589

 Columns 305 through 312:

   13.587   13.586   13.585   13.583   13.582   13.580   13.579   13.578

 Columns 313 through 320:

   13.576   13.575   13.574   13.572   13.571   13.570   13.568   13.567

 Columns 321 through 328:

   13.566   13.564   13.563   13.561   13.560   13.559   13.557   13.556

 Columns 329 through 336:

   13.555   13.553   13.552   13.551   13.549   13.548   13.547   13.545

 Columns 337 through 344:

   13.544   13.542   13.541   13.540   13.538   13.537   13.536   13.534

 Columns 345 through 352:

   13.533   13.532   13.530   13.529   13.528   13.526   13.525   13.523

 Columns 353 through 360:

   13.522   13.521   13.519   13.518   13.517   13.515   13.514   13.513

 Columns 361 through 368:

   13.511   13.510   13.509   13.507   13.506   13.505   13.503   13.502

 Columns 369 through 376:

   13.501   13.499   13.498   13.496   13.495   13.494   13.492   13.491

 Columns 377 through 384:

   13.490   13.488   13.487   13.486   13.484   13.483   13.482   13.480

 Columns 385 through 392:

   13.479   13.478   13.476   13.475   13.474   13.472   13.471   13.469

 Columns 393 through 400:

   13.468   13.467   13.465   13.464   13.463   13.461   13.460   13.459

 Columns 401 through 408:

   13.457   13.456   13.455   13.453   13.452   13.451   13.449   13.448

 Columns 409 through 416:

   13.447   13.445   13.444   13.443   13.441   13.440   13.438   13.437

 Columns 417 through 424:

   13.436   13.434   13.433   13.432   13.430   13.429   13.428   13.426

 Columns 425 through 432:

   13.425   13.424   13.422   13.421   13.420   13.418   13.417   13.416

 Columns 433 through 440:

   13.414   13.413   13.412   13.410   13.409   13.408   13.406   13.405

 Columns 441 through 448:

   13.404   13.402   13.401   13.400   13.398   13.397   13.396   13.394

 Columns 449 through 456:

   13.393   13.391   13.390   13.389   13.387   13.386   13.385   13.383

 Columns 457 through 464:

   13.382   13.381   13.379   13.378   13.377   13.375   13.374   13.373

 Columns 465 through 472:

   13.371   13.370   13.369   13.367   13.366   13.365   13.363   13.362

 Columns 473 through 480:

   13.361   13.359   13.358   13.357   13.355   13.354   13.353   13.351

 Columns 481 through 488:

   13.350   13.349   13.347   13.346   13.345   13.343   13.342   13.341

 Columns 489 through 496:

   13.339   13.338   13.337   13.335   13.334   13.333   13.331   13.330

 Columns 497 through 504:

   13.329   13.327   13.326   13.325   13.323   13.322   13.321   13.319

 Columns 505 through 512:

   13.318   13.317   13.315   13.314   13.313   13.311   13.310   13.309

 Columns 513 through 520:

   13.307   13.306   13.305   13.303   13.302   13.301   13.299   13.298

 Columns 521 through 528:

   13.297   13.295   13.294   13.293   13.291   13.290   13.289   13.287

 Columns 529 through 536:

   13.286   13.285   13.283   13.282   13.281   13.279   13.278   13.277

 Columns 537 through 544:

   13.275   13.274   13.273   13.271   13.270   13.269   13.267   13.266

 Columns 545 through 552:

   13.265   13.263   13.262   13.261   13.259   13.258   13.257   13.255

 Columns 553 through 560:

   13.254   13.253   13.251   13.250   13.249   13.247   13.246   13.245

 Columns 561 through 568:

   13.244   13.242   13.241   13.240   13.238   13.237   13.236   13.234

 Columns 569 through 576:

   13.233   13.232   13.230   13.229   13.228   13.226   13.225   13.224

 Columns 577 through 584:

   13.222   13.221   13.220   13.218   13.217   13.216   13.214   13.213

 Columns 585 through 592:

   13.212   13.210   13.209   13.208   13.206   13.205   13.204   13.202

 Columns 593 through 600:

   13.201   13.200   13.199   13.197   13.196   13.195   13.193   13.192

 Columns 601 through 608:

   13.191   13.189   13.188   13.187   13.185   13.184   13.183   13.181

 Columns 609 through 616:

   13.180   13.179   13.177   13.176   13.175   13.173   13.172   13.171

 Columns 617 through 624:

   13.169   13.168   13.167   13.166   13.164   13.163   13.162   13.160

 Columns 625 through 632:

   13.159   13.158   13.156   13.155   13.154   13.152   13.151   13.150

