

Units for the values: V, mA, kOhm, mS and uF


Values: 
R1 = 1.04362094375 
R2 = 2.01060713289 
R3 = 3.1012701442 
R4 = 4.18822801798 
R5 = 3.09414786857 
R6 = 2.02739936235 
R7 = 1.0022809037 
Vs = 5.02924600001 
C = 1.03087754949 
Kb = 7.2492497599 
Kd = 8.29575903566 



